Instance   | Time(s)    | Obj Val    | Valid | Routes
------------------------------------------------------------------------------------------------------------------------
testcases\C101.txt| 5.0849     | 72.00      | OK    | [[0, 5, 3, 7, 8, 10, 9, 6, 4, 2, 1, 0]]
testcases\C102.txt| 5.1697     | 68.00      | OK    | [[0, 7, 8, 10, 9, 6, 4, 2, 1, 3, 5, 0]]
testcases\C103.txt| 5.0964     | 68.00      | OK    | [[0, 7, 8, 10, 9, 6, 4, 1, 2, 3, 5, 0]]
testcases\C104.txt| 5.1679     | 64.00      | OK    | [[0, 7, 10, 8, 9, 6, 4, 1, 2, 3, 5, 0]]
testcases\C105.txt| 5.0600     | 72.00      | OK    | [[0, 5, 3, 7, 8, 10, 9, 6, 4, 2, 1, 0]]
testcases\C106.txt| 5.3274     | 72.00      | OK    | [[0, 5, 3, 7, 8, 10, 9, 6, 4, 2, 1, 0]]
testcases\C107.txt| 5.1513     | 72.00      | OK    | [[0, 5, 3, 7, 8, 10, 9, 6, 4, 2, 1, 0]]
testcases\C108.txt| 5.2222     | 68.00      | OK    | [[0, 5, 3, 7, 10, 8, 9, 6, 4, 1, 2, 0]]
testcases\C109.txt| 5.1813     | 66.00      | OK    | [[0, 5, 3, 7, 10, 8, 9, 6, 2, 1, 4, 0]]
