Instance   | Time(s)    | Obj Val    | Valid | Routes
------------------------------------------------------------------------------------------------------------------------
testcases\C101.txt| 1.1999     | 50.00      | OK    | [[0, 5, 3, 4, 2, 1, 0]]
testcases\C102.txt| 1.1297     | 50.00      | OK    | [[0, 5, 3, 4, 1, 2, 0]]
testcases\C103.txt| 1.1474     | 50.00      | OK    | [[0, 5, 3, 4, 1, 2, 0]]
testcases\C104.txt| 1.1461     | 50.00      | OK    | [[0, 5, 3, 4, 1, 2, 0]]
testcases\C105.txt| 1.1622     | 50.00      | OK    | [[0, 5, 3, 4, 2, 1, 0]]
testcases\C106.txt| 1.1625     | 50.00      | OK    | [[0, 5, 3, 4, 2, 1, 0]]
testcases\C107.txt| 1.1473     | 50.00      | OK    | [[0, 5, 3, 4, 2, 1, 0]]
testcases\C108.txt| 1.1485     | 50.00      | OK    | [[0, 5, 3, 4, 2, 1, 0]]
testcases\C109.txt| 1.1631     | 50.00      | OK    | [[0, 5, 3, 4, 1, 2, 0]]
