Instance   | Time(s)    | Obj Val    | Valid | Routes
------------------------------------------------------------------------------------------------------------------------
testcases\C101.txt| 20.3134    | 246.00     | OK    | [[0, 20, 24, 25, 27, 29, 30, 28, 26, 23, 22, 21, 0], [0, 5, 3, 7, 8, 10, 11, 9, 6, 4, 2, 1, 0], [0, 13, 17, 18, 19, 15, 16, 14, 12, 0]]
testcases\C102.txt| 23.1840    | 242.00     | OK    | [[0, 7, 8, 10, 11, 9, 6, 4, 1, 2, 3, 5, 0], [0, 20, 24, 25, 27, 29, 30, 28, 26, 23, 22, 21, 0], [0, 13, 17, 18, 19, 15, 16, 14, 12, 0]]
testcases\C103.txt| 18.9021    | 242.00     | OK    | [[0, 20, 21, 25, 27, 29, 30, 28, 26, 23, 22, 0], [0, 7, 8, 10, 11, 9, 6, 4, 2, 1, 3, 5, 0], [0, 13, 17, 18, 19, 15, 16, 14, 12, 24, 0]]
testcases\C104.txt| 23.2507    | 238.00     | OK    | [[0, 24, 25, 27, 29, 30, 28, 26, 23, 22, 21, 20, 0], [0, 7, 8, 11, 9, 6, 4, 2, 1, 3, 5, 0], [0, 13, 17, 18, 19, 15, 16, 14, 12, 10, 0]]
testcases\C105.txt| 16.4093    | 246.00     | OK    | [[0, 20, 24, 25, 27, 29, 30, 28, 26, 23, 22, 21, 0], [0, 5, 3, 7, 8, 10, 11, 9, 6, 4, 2, 1, 0], [0, 13, 17, 18, 19, 15, 16, 14, 12, 0]]
testcases\C106.txt| 18.2344    | 246.00     | OK    | [[0, 20, 24, 25, 27, 29, 30, 28, 26, 23, 22, 21, 0], [0, 5, 3, 7, 8, 10, 11, 9, 6, 4, 2, 1, 0], [0, 13, 17, 18, 19, 15, 16, 14, 12, 0]]
testcases\C107.txt| 18.4913    | 246.00     | OK    | [[0, 5, 3, 7, 8, 10, 11, 9, 6, 4, 2, 1, 0], [0, 20, 24, 25, 27, 29, 30, 28, 26, 23, 22, 21, 0], [0, 13, 17, 18, 19, 15, 16, 14, 12, 0]]
testcases\C108.txt| 19.1232    | 248.00     | OK    | [[0, 20, 24, 25, 27, 29, 30, 28, 26, 23, 22, 21, 0], [0, 5, 3, 7, 10, 8, 9, 11, 6, 4, 2, 1, 0], [0, 13, 17, 18, 19, 15, 16, 14, 12, 0]]
testcases\C109.txt| 26.1865    | 246.00     | OK    | [[0, 20, 24, 25, 27, 29, 30, 28, 26, 23, 22, 21, 0], [0, 5, 3, 7, 8, 10, 11, 9, 6, 4, 2, 1, 0], [0, 13, 17, 18, 19, 15, 16, 14, 12, 0]]
