Instance        | Status     | Time(s)  | Obj Val    | Valid  | Routes / Error
------------------------------------------------------------------------------------------------------------------------
C101.txt        | OPTIMAL    | 1.2170   | 1012.00    | OK     | [[0, 5, 3, 7, 8, 10, 11, 9, 6, 4, 1, 75, 0], [0, 1...
C102.txt        | FEASIBLE   | 104.0107 | 1010.00    | OK     | [[0, 7, 8, 10, 11, 9, 6, 4, 1, 75, 3, 5, 0], [0, 1...
C103.txt        | FEASIBLE   | 103.1620 | 1052.00    | OK     | [[0, 5, 96, 95, 94, 92, 93, 97, 99, 98, 3, 0], [0,...
C104.txt        | FEASIBLE   | 104.0722 | 1132.00    | OK     | [[0, 8, 9, 6, 4, 1, 2, 75, 5, 0], [0, 10, 11, 17, ...
C105.txt        | OPTIMAL    | 3.7328   | 1012.00    | OK     | [[0, 5, 3, 7, 8, 10, 11, 9, 6, 4, 1, 75, 0], [0, 1...
C106.txt        | OPTIMAL    | 9.6913   | 1012.00    | OK     | [[0, 5, 3, 7, 8, 10, 11, 9, 6, 4, 1, 75, 0], [0, 1...
C107.txt        | OPTIMAL    | 4.4128   | 1012.00    | OK     | [[0, 5, 3, 7, 8, 10, 11, 9, 6, 4, 1, 75, 0], [0, 1...
C108.txt        | FEASIBLE   | 103.1608 | 1008.00    | OK     | [[0, 5, 3, 7, 8, 10, 11, 9, 6, 4, 1, 75, 0], [0, 1...
C109.txt        | FEASIBLE   | 106.3337 | 1092.00    | OK     | [[0, 5, 3, 98, 99, 2, 1, 75, 0], [0, 7, 10, 11, 8,...

Done! Total time: 539.88s