Instance        | Status     | Time(s)  | Obj Val    | Valid  | Routes / Error
------------------------------------------------------------------------------------------------------------------------
C101.txt        | OPTIMAL    | 0.2557   | 432.00     | OK     | [[0, 5, 3, 7, 8, 10, 11, 9, 6, 4, 2, 1, 0], [0, 13, 17, 18, 19, 15, 16, 14, 12, 0], [0, 20, 24, 25, 27, 29, 30, 28, 26, 23, 22, 21, 0], [0, 32, 33, 31, 35, 37, 38, 39, 36, 34, 0], [0, 43, 42, 41, 40, 44, 46, 45, 48, 49, 47, 0]]
C102.txt        | OPTIMAL    | 1.2891   | 428.00     | OK     | [[0, 7, 8, 10, 11, 9, 6, 4, 1, 2, 3, 5, 0], [0, 13, 17, 18, 19, 15, 16, 14, 12, 0], [0, 20, 24, 25, 27, 29, 30, 28, 26, 23, 22, 21, 0], [0, 32, 33, 31, 35, 37, 38, 39, 36, 34, 0], [0, 43, 42, 41, 40, 44, 46, 45, 48, 49, 47, 0]]
C103.txt        | FEASIBLE   | 30.1842  | 428.00     | OK     | [[0, 7, 8, 10, 11, 9, 6, 4, 1, 2, 3, 5, 0], [0, 13, 17, 18, 19, 15, 16, 14, 12, 24, 0], [0, 25, 27, 29, 30, 28, 26, 23, 22, 21, 20, 0], [0, 32, 33, 31, 35, 37, 38, 39, 36, 34, 0], [0, 43, 42, 41, 40, 44, 45, 48, 46, 47, 49, 0]]
C104.txt        | FEASIBLE   | 30.2371  | 432.00     | OK     | [[0, 7, 8, 10, 11, 9, 6, 4, 1, 2, 3, 5, 0], [0, 13, 12, 14, 16, 15, 19, 18, 17, 29, 0], [0, 24, 25, 27, 30, 28, 26, 23, 22, 21, 20, 0], [0, 33, 32, 31, 35, 37, 38, 39, 36, 34, 0], [0, 47, 49, 48, 45, 44, 40, 41, 46, 42, 43, 0]]
C105.txt        | OPTIMAL    | 0.2812   | 432.00     | OK     | [[0, 5, 3, 7, 8, 10, 11, 9, 6, 4, 2, 1, 0], [0, 13, 17, 18, 19, 15, 16, 14, 12, 0], [0, 20, 24, 25, 27, 29, 30, 28, 26, 23, 22, 21, 0], [0, 32, 33, 31, 35, 37, 38, 39, 36, 34, 0], [0, 43, 42, 41, 40, 44, 46, 45, 48, 49, 47, 0]]
C106.txt        | OPTIMAL    | 0.2452   | 432.00     | OK     | [[0, 5, 3, 7, 8, 10, 11, 9, 6, 4, 2, 1, 0], [0, 13, 17, 18, 19, 15, 16, 14, 12, 0], [0, 20, 24, 25, 27, 29, 30, 28, 26, 23, 22, 21, 0], [0, 33, 32, 31, 35, 37, 38, 39, 36, 34, 0], [0, 43, 42, 41, 40, 44, 46, 45, 48, 49, 47, 0]]
C107.txt        | OPTIMAL    | 0.2873   | 432.00     | OK     | [[0, 5, 3, 7, 8, 10, 11, 9, 6, 4, 2, 1, 0], [0, 13, 17, 18, 19, 15, 16, 14, 12, 23, 0], [0, 20, 24, 25, 27, 29, 30, 28, 26, 22, 21, 0], [0, 32, 33, 31, 35, 37, 38, 39, 36, 34, 0], [0, 43, 42, 41, 40, 44, 46, 45, 48, 49, 47, 0]]
C108.txt        | OPTIMAL    | 1.6470   | 432.00     | OK     | [[0, 5, 3, 7, 8, 10, 11, 9, 6, 4, 2, 1, 0], [0, 13, 17, 18, 19, 15, 16, 14, 12, 26, 0], [0, 20, 24, 25, 27, 29, 30, 28, 23, 22, 21, 0], [0, 32, 33, 31, 35, 37, 38, 39, 36, 34, 0], [0, 43, 42, 41, 40, 44, 46, 45, 48, 49, 47, 0]]
C109.txt        | FEASIBLE   | 30.1471  | 432.00     | OK     | [[0, 5, 3, 7, 8, 10, 11, 9, 6, 4, 1, 2, 0], [0, 13, 17, 18, 19, 15, 16, 14, 12, 23, 0], [0, 20, 24, 25, 27, 29, 30, 28, 26, 22, 21, 0], [0, 33, 32, 31, 35, 37, 38, 39, 36, 34, 0], [0, 43, 42, 41, 40, 44, 46, 45, 48, 49, 47, 0]]

Done! Total time: 94.62s