Instance        | Status     | Time(s)  | Obj Val    | Valid  | Routes / Error
------------------------------------------------------------------------------------------------------------------------
C101.txt        | OPTIMAL    | 0.0562   | 178.00     | OK     | [[0, 5, 3, 7, 8, 10, 11, 9, 6, 4, 0], [0, 13, 14, 12, 2, 1, 0]]
C102.txt        | OPTIMAL    | 0.0744   | 174.00     | OK     | [[0, 8, 10, 11, 9, 6, 4, 1, 2, 3, 5, 0], [0, 13, 14, 12, 7, 0]]
C103.txt        | OPTIMAL    | 0.0968   | 168.00     | OK     | [[0, 8, 4, 1, 2, 3, 5, 0], [0, 13, 14, 12, 10, 11, 9, 6, 7, 0]]
C104.txt        | OPTIMAL    | 0.1165   | 164.00     | OK     | [[0, 8, 9, 6, 4, 1, 2, 3, 5, 0], [0, 13, 14, 12, 11, 10, 7, 0]]
C105.txt        | OPTIMAL    | 0.0248   | 178.00     | OK     | [[0, 5, 3, 7, 8, 10, 11, 9, 6, 4, 2, 1, 0], [0, 13, 14, 12, 0]]
C106.txt        | OPTIMAL    | 0.0201   | 178.00     | OK     | [[0, 5, 3, 7, 8, 10, 11, 9, 6, 4, 0], [0, 13, 14, 12, 2, 1, 0]]
C107.txt        | OPTIMAL    | 0.0256   | 178.00     | OK     | [[0, 5, 3, 7, 8, 10, 11, 9, 4, 2, 1, 0], [0, 13, 14, 12, 6, 0]]
C108.txt        | OPTIMAL    | 0.0504   | 172.00     | OK     | [[0, 5, 3, 7, 10, 11, 6, 4, 1, 2, 0], [0, 8, 13, 14, 12, 9, 0]]
C109.txt        | OPTIMAL    | 0.1046   | 162.00     | OK     | [[0, 5, 3, 7, 0], [0, 8, 10, 13, 14, 12, 11, 9, 6, 4, 2, 1, 0]]

Done! Total time: 0.58s