Instance        | Status     | Time(s)  | Obj Val    | Valid  | Routes / Error
------------------------------------------------------------------------------------------------------------------------
C101.txt        | OPTIMAL    | 0.0252   | 178.00     | OK     | [[0, 5, 3, 7, 8, 10, 11, 9, 6, 4, 0], [0, 13, 14, ...
C102.txt        | OPTIMAL    | 0.0656   | 174.00     | OK     | [[0, 8, 10, 11, 9, 6, 4, 1, 2, 3, 5, 0], [0, 13, 1...
C103.txt        | OPTIMAL    | 0.0962   | 168.00     | OK     | [[0, 8, 4, 1, 2, 3, 5, 0], [0, 13, 14, 12, 10, 11,...
C104.txt        | OPTIMAL    | 0.1164   | 164.00     | OK     | [[0, 8, 9, 6, 4, 1, 2, 3, 5, 0], [0, 13, 14, 12, 1...
C105.txt        | OPTIMAL    | 0.0233   | 178.00     | OK     | [[0, 5, 3, 7, 8, 10, 11, 9, 6, 4, 2, 1, 0], [0, 13...
C106.txt        | OPTIMAL    | 0.0228   | 178.00     | OK     | [[0, 5, 3, 7, 8, 10, 11, 9, 6, 4, 0], [0, 13, 14, ...
C107.txt        | OPTIMAL    | 0.0226   | 178.00     | OK     | [[0, 5, 3, 7, 8, 10, 11, 9, 4, 2, 1, 0], [0, 13, 1...
C108.txt        | OPTIMAL    | 0.0589   | 172.00     | OK     | [[0, 5, 3, 7, 10, 11, 6, 4, 1, 2, 0], [0, 8, 13, 1...
C109.txt        | OPTIMAL    | 0.1088   | 162.00     | OK     | [[0, 5, 3, 2, 1, 4, 0], [0, 7, 8, 10, 13, 14, 12, ...

Done! Total time: 0.55s