Instance        | Status     | Time(s)  | Obj Val    | Valid  | Routes / Error
------------------------------------------------------------------------------------------------------------------------
C101.txt        | OPTIMAL    | 0.0528   | 232.00     | OK     | [[0, 5, 3, 7, 8, 10, 11, 9, 6, 4, 2, 1, 0], [0, 13...
C102.txt        | OPTIMAL    | 0.3315   | 228.00     | OK     | [[0, 7, 8, 10, 11, 9, 6, 4, 1, 2, 3, 5, 0], [0, 13...
C103.txt        | OPTIMAL    | 7.1478   | 222.00     | OK     | [[0, 7, 8, 10, 11, 9, 6, 4, 1, 2, 3, 5, 0], [0, 13...
C104.txt        | FEASIBLE   | 30.1960  | 222.00     | OK     | [[0, 7, 8, 10, 11, 9, 6, 4, 1, 2, 3, 5, 0], [0, 13...
C105.txt        | OPTIMAL    | 0.1989   | 232.00     | OK     | [[0, 5, 3, 7, 8, 10, 11, 9, 6, 4, 2, 1, 0], [0, 13...
C106.txt        | OPTIMAL    | 0.2148   | 232.00     | OK     | [[0, 5, 3, 7, 8, 10, 11, 9, 6, 4, 2, 1, 0], [0, 13...
C107.txt        | OPTIMAL    | 0.1482   | 226.00     | OK     | [[0, 5, 3, 7, 8, 10, 11, 9, 6, 4, 2, 1, 0], [0, 13...
C108.txt        | OPTIMAL    | 0.3710   | 226.00     | OK     | [[0, 5, 3, 7, 8, 10, 11, 9, 6, 4, 2, 1, 0], [0, 13...
C109.txt        | OPTIMAL    | 17.4626  | 226.00     | OK     | [[0, 5, 3, 7, 8, 10, 11, 9, 6, 4, 1, 2, 0], [0, 13...

Done! Total time: 56.18s