Instance        | Status     | Time(s)  | Obj Val    | Valid  | Routes / Error
------------------------------------------------------------------------------------------------------------------------
C101.txt        | OPTIMAL    | 25.6269  | 246.00     | OK     | [[0, 5, 3, 7, 8, 10, 11, 9, 6, 4, 2, 1, 0], [0, 20...
C102.txt        | NO_SOL/TIMEOUT | 24.4804  | N/A        | -      | []
C103.txt        | FEASIBLE   | 31.7886  | 642.00     | OK     | [[0, 1, 9, 0], [0, 3, 2, 22, 0], [0, 14, 15, 16, 0...
C104.txt        | FEASIBLE   | 31.2863  | 360.00     | OK     | [[0, 7, 12, 15, 9, 1, 4, 3, 0], [0, 5, 2, 6, 8, 11...
C105.txt        | OPTIMAL    | 25.3894  | 246.00     | OK     | [[0, 5, 3, 7, 8, 10, 11, 9, 6, 4, 2, 1, 0], [0, 20...
C106.txt        | OPTIMAL    | 23.8930  | 246.00     | OK     | [[0, 5, 3, 7, 8, 10, 11, 9, 6, 4, 2, 1, 0], [0, 20...
C107.txt        | OPTIMAL    | 16.3471  | 246.00     | OK     | [[0, 5, 3, 7, 8, 10, 11, 9, 6, 4, 2, 1, 0], [0, 20...
C108.txt        | FEASIBLE   | 30.6899  | 316.00     | OK     | [[0, 3, 5, 4, 2, 1, 0], [0, 24, 25, 27, 21, 0], [0...
C109.txt        | FEASIBLE   | 30.7075  | 298.00     | OK     | [[0, 5, 3, 7, 8, 10, 11, 2, 1, 4, 0], [0, 20, 17, ...

Done! Total time: 240.31s