Instance        | Status     | Time(s)  | Obj Val    | Valid  | Routes / Error
------------------------------------------------------------------------------------------------------------------------
C101.txt        | OPTIMAL    | 2.5512   | 178.00     | OK     | [[0, 13, 14, 12, 0], [0, 5, 3, 7, 8, 10, 11, 9, 6,...
C102.txt        | FEASIBLE   | 30.1997  | 174.00     | OK     | [[0, 8, 10, 11, 9, 6, 4, 5, 0], [0, 13, 14, 12, 2,...
C103.txt        | FEASIBLE   | 30.4093  | 168.00     | OK     | [[0, 13, 14, 12, 10, 11, 2, 1, 4, 3, 5, 0], [0, 8,...
C104.txt        | FEASIBLE   | 30.2076  | 164.00     | OK     | [[0, 8, 9, 6, 4, 1, 2, 3, 5, 0], [0, 13, 14, 12, 1...
C105.txt        | OPTIMAL    | 2.1980   | 178.00     | OK     | [[0, 13, 14, 12, 0], [0, 5, 3, 7, 8, 10, 11, 9, 6,...
C106.txt        | OPTIMAL    | 2.0360   | 178.00     | OK     | [[0, 13, 14, 12, 0], [0, 5, 3, 7, 8, 10, 11, 9, 6,...
C107.txt        | OPTIMAL    | 1.9846   | 178.00     | OK     | [[0, 5, 3, 7, 8, 10, 11, 9, 6, 0], [0, 13, 14, 12,...
C108.txt        | OPTIMAL    | 6.0619   | 172.00     | OK     | [[0, 8, 13, 14, 12, 9, 0], [0, 5, 3, 7, 10, 11, 6,...
C109.txt        | FEASIBLE   | 30.1766  | 162.00     | OK     | [[0, 7, 8, 10, 13, 14, 12, 11, 9, 6, 0], [0, 5, 3,...

Done! Total time: 135.86s