Instance        | Status     | Time(s)  | Obj Val    | Valid  | Routes / Error
------------------------------------------------------------------------------------------------------------------------
C101.txt        | OPTIMAL    | 18.8853  | 246.00     | OK     | [[0, 13, 17, 18, 19, 15, 16, 14, 12, 0], [0, 20, 2...
C102.txt        | FEASIBLE   | 31.4814  | 510.00     | OK     | [[0, 24, 0], [0, 21, 0], [0, 10, 11, 2, 1, 5, 0], ...
C103.txt        | FEASIBLE   | 31.8691  | 628.00     | OK     | [[0, 14, 11, 6, 4, 3, 0], [0, 13, 17, 18, 19, 15, ...
C104.txt        | FEASIBLE   | 31.0850  | 782.00     | OK     | [[0, 7, 3, 0], [0, 11, 10, 0], [0, 25, 0], [0, 29,...
C105.txt        | OPTIMAL    | 29.8041  | 246.00     | OK     | [[0, 13, 17, 18, 19, 15, 16, 14, 12, 0], [0, 5, 3,...
C106.txt        | OPTIMAL    | 16.4983  | 246.00     | OK     | [[0, 13, 17, 18, 19, 15, 16, 14, 12, 0], [0, 5, 3,...
C107.txt        | FEASIBLE   | 32.4629  | 352.00     | OK     | [[0, 13, 17, 18, 19, 15, 16, 12, 6, 0], [0, 5, 3, ...
C108.txt        | FEASIBLE   | 32.0761  | 372.00     | OK     | [[0, 25, 29, 27, 21, 0], [0, 24, 20, 28, 26, 23, 2...
C109.txt        | FEASIBLE   | 32.2297  | 426.00     | OK     | [[0, 18, 17, 13, 29, 28, 26, 23, 22, 0], [0, 21, 0...

Done! Total time: 256.50s