Instance        | Status     | Time(s)  | Obj Val    | Valid  | Routes / Error
------------------------------------------------------------------------------------------------------------------------
C101.txt        | OPTIMAL    | 11.7279  | 246.00     | OK     | [[0, 5, 3, 7, 8, 10, 11, 9, 6, 4, 2, 1, 0], [0, 20...
C102.txt        | FEASIBLE   | 32.2464  | 242.00     | OK     | [[0, 7, 8, 10, 11, 9, 6, 4, 2, 1, 3, 5, 0], [0, 20...
C103.txt        | FEASIBLE   | 34.6084  | 376.00     | OK     | [[0, 8, 1, 2, 4, 3, 0], [0, 25, 27, 22, 21, 0], [0...
C104.txt        | FEASIBLE   | 33.2332  | 504.00     | OK     | [[0, 2, 1, 10, 23, 29, 20, 0], [0, 9, 4, 0], [0, 1...
C105.txt        | FEASIBLE   | 36.0851  | 328.00     | OK     | [[0, 13, 10, 11, 9, 6, 4, 2, 1, 0], [0, 24, 17, 18...
C106.txt        | OPTIMAL    | 31.2944  | 246.00     | OK     | [[0, 5, 3, 7, 8, 10, 11, 9, 6, 4, 2, 1, 0], [0, 20...
C107.txt        | FEASIBLE   | 32.7348  | 246.00     | OK     | [[0, 5, 3, 7, 8, 10, 11, 9, 6, 4, 2, 1, 0], [0, 20...
C108.txt        | FEASIBLE   | 31.5590  | 440.00     | OK     | [[0, 3, 4, 2, 1, 21, 0], [0, 5, 7, 10, 8, 11, 9, 6...
C109.txt        | FEASIBLE   | 31.3572  | 480.00     | OK     | [[0, 26, 4, 1, 2, 0], [0, 19, 15, 16, 14, 12, 22, ...

Done! Total time: 275.06s