Instance        | Status     | Time(s)  | Obj Val    | Valid  | Routes / Error
------------------------------------------------------------------------------------------------------------------------
C101.txt        | OPTIMAL    | 1.3920   | 1012.00    | OK     | [[0, 5, 3, 7, 8, 10, 11, 9, 6, 4, 1, 75, 0], [0, 1...
C102.txt        | FEASIBLE   | 99.0694  | 1010.00    | OK     | [[0, 7, 8, 10, 11, 9, 6, 4, 1, 75, 3, 5, 0], [0, 1...
C103.txt        | FEASIBLE   | 98.9800  | 1016.00    | OK     | [[0, 5, 96, 97, 92, 93, 94, 95, 99, 98, 1, 0], [0,...
C104.txt        | FEASIBLE   | 98.9562  | 1166.00    | OK     | [[0, 3, 98, 97, 93, 92, 94, 95, 99, 96, 91, 89, 0]...
C105.txt        | OPTIMAL    | 3.4655   | 1012.00    | OK     | [[0, 5, 3, 7, 8, 10, 11, 9, 6, 4, 1, 75, 0], [0, 1...
C106.txt        | OPTIMAL    | 11.4278  | 1012.00    | OK     | [[0, 5, 3, 7, 8, 10, 11, 9, 6, 4, 1, 75, 0], [0, 1...
C107.txt        | OPTIMAL    | 4.2928   | 1012.00    | OK     | [[0, 5, 3, 7, 8, 10, 11, 9, 6, 4, 1, 75, 0], [0, 1...
C108.txt        | FEASIBLE   | 98.9006  | 1008.00    | OK     | [[0, 5, 3, 7, 8, 10, 11, 9, 6, 4, 1, 75, 0], [0, 1...
C109.txt        | FEASIBLE   | 99.0810  | 1008.00    | OK     | [[0, 5, 3, 10, 11, 8, 9, 6, 2, 1, 75, 0], [0, 7, 9...

Done! Total time: 515.65s