Instance        | Status     | Time(s)  | Obj Val    | Valid  | Routes / Error
------------------------------------------------------------------------------------------------------------------------
C101.txt        | OPTIMAL    | 24.4172  | 232.00     | OK     | [[0, 5, 3, 7, 8, 10, 11, 9, 6, 4, 2, 1, 0], [0, 20...
C102.txt        | FEASIBLE   | 30.5138  | 296.00     | OK     | [[0, 1, 2, 3, 5, 0], [0, 13, 17, 18, 19, 15, 16, 1...
C103.txt        | FEASIBLE   | 30.4978  | 286.00     | OK     | [[0, 7, 8, 10, 11, 6, 4, 2, 1, 3, 5, 0], [0, 13, 1...
C104.txt        | FEASIBLE   | 30.5458  | 224.00     | OK     | [[0, 7, 6, 8, 10, 11, 9, 4, 1, 2, 3, 5, 0], [0, 13...
C105.txt        | OPTIMAL    | 22.7174  | 232.00     | OK     | [[0, 5, 3, 7, 8, 10, 11, 9, 6, 4, 2, 1, 0], [0, 20...
C106.txt        | OPTIMAL    | 17.9168  | 232.00     | OK     | [[0, 5, 3, 7, 8, 10, 11, 9, 6, 4, 2, 1, 0], [0, 20...
C107.txt        | OPTIMAL    | 18.3576  | 226.00     | OK     | [[0, 5, 3, 7, 8, 10, 11, 9, 6, 4, 2, 1, 0], [0, 20...
C108.txt        | FEASIBLE   | 30.8043  | 314.00     | OK     | [[0, 20, 24, 18, 19, 15, 16, 14, 12, 2, 1, 0], [0,...
C109.txt        | FEASIBLE   | 31.2047  | 278.00     | OK     | [[0, 20, 17, 13, 9, 6, 2, 1, 4, 0], [0, 24, 18, 19...

Done! Total time: 237.11s