Instance        | Status     | Time(s)  | Obj Val    | Valid  | Routes / Error
------------------------------------------------------------------------------------------------------------------------
C101.txt        | OPTIMAL    | 0.1569   | 62.00      | OK     | [[0, 5, 3, 7, 8, 9, 6, 4, 2, 1, 0]]
C102.txt        | OPTIMAL    | 25.7254  | 58.00      | OK     | [[0, 7, 8, 9, 6, 4, 1, 2, 3, 5, 0]]
C103.txt        | OPTIMAL    | 21.8260  | 58.00      | OK     | [[0, 7, 8, 9, 6, 4, 1, 2, 3, 5, 0]]
C104.txt        | FEASIBLE   | 30.1413  | 58.00      | OK     | [[0, 7, 8, 9, 6, 4, 1, 2, 3, 5, 0]]
C105.txt        | OPTIMAL    | 0.1713   | 62.00      | OK     | [[0, 5, 3, 7, 8, 9, 6, 4, 2, 1, 0]]
C106.txt        | OPTIMAL    | 0.1433   | 62.00      | OK     | [[0, 5, 3, 7, 8, 9, 6, 4, 2, 1, 0]]
C107.txt        | OPTIMAL    | 0.2111   | 62.00      | OK     | [[0, 5, 3, 7, 8, 9, 6, 4, 2, 1, 0]]
C108.txt        | OPTIMAL    | 0.7246   | 62.00      | OK     | [[0, 5, 3, 7, 8, 9, 6, 4, 1, 2, 0]]
C109.txt        | OPTIMAL    | 1.2522   | 60.00      | OK     | [[0, 5, 3, 7, 8, 9, 6, 2, 1, 4, 0]]

Done! Total time: 80.37s