Instance        | Status     | Time(s)  | Obj Val    | Valid  | Routes / Error
------------------------------------------------------------------------------------------------------------------------
C101.txt        | OPTIMAL    | 0.8751   | 178.00     | OK     | [[0, 5, 3, 7, 8, 10, 11, 9, 6, 4, 2, 1, 0], [0, 13, 14, 12, 0]]
C102.txt        | OPTIMAL    | 11.1396  | 174.00     | OK     | [[0, 13, 14, 12, 2, 1, 3, 5, 0], [0, 7, 8, 10, 11, 9, 6, 4, 0]]
C103.txt        | OPTIMAL    | 10.3236  | 168.00     | OK     | [[0, 13, 14, 12, 10, 11, 2, 1, 4, 3, 5, 0], [0, 7, 8, 9, 6, 0]]
C104.txt        | OPTIMAL    | 25.8834  | 164.00     | OK     | [[0, 8, 9, 6, 4, 1, 2, 3, 5, 0], [0, 13, 14, 12, 11, 10, 7, 0]]
C105.txt        | OPTIMAL    | 1.1678   | 178.00     | OK     | [[0, 13, 14, 12, 4, 2, 1, 0], [0, 5, 3, 7, 8, 10, 11, 9, 6, 0]]
C106.txt        | OPTIMAL    | 0.9771   | 178.00     | OK     | [[0, 13, 14, 12, 2, 1, 0], [0, 5, 3, 7, 8, 10, 11, 9, 6, 4, 0]]
C107.txt        | OPTIMAL    | 1.2404   | 178.00     | OK     | [[0, 13, 14, 12, 4, 2, 1, 0], [0, 5, 3, 7, 8, 10, 11, 9, 6, 0]]
C108.txt        | OPTIMAL    | 2.2020   | 172.00     | OK     | [[0, 5, 3, 7, 10, 11, 6, 4, 2, 1, 0], [0, 8, 13, 14, 12, 9, 0]]
C109.txt        | OPTIMAL    | 21.1469  | 162.00     | OK     | [[0, 8, 10, 13, 14, 12, 11, 9, 6, 4, 2, 1, 0], [0, 7, 3, 5, 0]]

Done! Total time: 74.97s