Instance        | Status     | Time(s)  | Obj Val    | Valid  | Routes / Error
------------------------------------------------------------------------------------------------------------------------
C101.txt        | OPTIMAL    | 0.1153   | 62.00      | OK     | [[0, 5, 3, 7, 8, 9, 6, 4, 2, 1, 0]]
C102.txt        | OPTIMAL    | 18.5398  | 58.00      | OK     | [[0, 7, 8, 9, 6, 4, 2, 1, 3, 5, 0]]
C103.txt        | OPTIMAL    | 17.3245  | 58.00      | OK     | [[0, 7, 8, 9, 6, 4, 1, 2, 3, 5, 0]]
C104.txt        | FEASIBLE   | 29.7040  | 58.00      | OK     | [[0, 7, 8, 9, 6, 4, 1, 2, 3, 5, 0]]
C105.txt        | OPTIMAL    | 0.1181   | 62.00      | OK     | [[0, 5, 3, 7, 8, 9, 6, 4, 2, 1, 0]]
C106.txt        | OPTIMAL    | 0.1153   | 62.00      | OK     | [[0, 5, 3, 7, 8, 9, 6, 4, 2, 1, 0]]
C107.txt        | OPTIMAL    | 0.1162   | 62.00      | OK     | [[0, 5, 3, 7, 8, 9, 6, 4, 2, 1, 0]]
C108.txt        | OPTIMAL    | 0.2163   | 62.00      | OK     | [[0, 5, 3, 7, 8, 9, 6, 4, 2, 1, 0]]
C109.txt        | OPTIMAL    | 0.2724   | 60.00      | OK     | [[0, 5, 3, 7, 8, 9, 6, 2, 1, 4, 0]]

Done! Total time: 66.54s