Instance        | Status     | Time(s)  | Obj Val    | Valid  | Routes / Error
------------------------------------------------------------------------------------------------------------------------
C101.txt        | OPTIMAL    | 0.0253   | 178.00     | OK     | [[0, 5, 3, 7, 8, 10, 11, 9, 6, 4, 0], [0, 13, 14, 12, 2, 1, 0]]
C102.txt        | OPTIMAL    | 0.0757   | 174.00     | OK     | [[0, 8, 10, 11, 9, 6, 4, 1, 2, 3, 5, 0], [0, 13, 14, 12, 7, 0]]
C103.txt        | OPTIMAL    | 0.1014   | 168.00     | OK     | [[0, 8, 1, 2, 4, 3, 5, 0], [0, 13, 14, 12, 10, 11, 9, 6, 7, 0]]
C104.txt        | OPTIMAL    | 0.1070   | 164.00     | OK     | [[0, 8, 9, 6, 4, 2, 1, 3, 5, 0], [0, 13, 14, 12, 11, 10, 7, 0]]
C105.txt        | OPTIMAL    | 0.0234   | 178.00     | OK     | [[0, 5, 3, 7, 8, 10, 11, 9, 6, 4, 2, 1, 0], [0, 13, 14, 12, 0]]
C106.txt        | OPTIMAL    | 0.0188   | 178.00     | OK     | [[0, 5, 3, 7, 8, 10, 11, 9, 6, 4, 0], [0, 13, 14, 12, 2, 1, 0]]
C107.txt        | OPTIMAL    | 0.0275   | 178.00     | OK     | [[0, 5, 3, 7, 8, 10, 11, 9, 6, 4, 0], [0, 13, 14, 12, 2, 1, 0]]
C108.txt        | OPTIMAL    | 0.0524   | 172.00     | OK     | [[0, 5, 3, 7, 10, 11, 6, 4, 1, 2, 0], [0, 8, 13, 14, 12, 9, 0]]
C109.txt        | OPTIMAL    | 0.1105   | 162.00     | OK     | [[0, 5, 3, 2, 1, 4, 0], [0, 7, 8, 10, 13, 14, 12, 11, 9, 6, 0]]

Done! Total time: 0.55s