Instance        | Status     | Time(s)  | Obj Val    | Valid  | Routes / Error
------------------------------------------------------------------------------------------------------------------------
C101.txt        | OPTIMAL    | 22.0613  | 432.00     | OK     | [[0, 43, 42, 41, 40, 44, 46, 45, 48, 49, 47, 0], [...
C102.txt        | FEASIBLE   | 102.3525 | 558.00     | OK     | [[0, 43, 42, 41, 40, 44, 46, 45, 48, 49, 47, 0], [...
C103.txt        | FEASIBLE   | 102.9333 | 538.00     | OK     | [[0, 24, 25, 27, 21, 20, 0], [0, 7, 8, 6, 4, 1, 2,...
C104.txt        | FEASIBLE   | 108.6630 | 746.00     | OK     | [[0, 16, 14, 12, 4, 2, 1, 7, 0], [0, 8, 11, 17, 6,...
C105.txt        | OPTIMAL    | 84.4041  | 432.00     | OK     | [[0, 43, 42, 41, 40, 44, 46, 45, 48, 49, 47, 0], [...
C106.txt        | OPTIMAL    | 87.5529  | 432.00     | OK     | [[0, 43, 42, 41, 40, 44, 46, 45, 48, 49, 47, 0], [...
C107.txt        | OPTIMAL    | 101.4864 | 432.00     | OK     | [[0, 43, 42, 41, 40, 44, 46, 45, 48, 49, 47, 0], [...
C108.txt        | FEASIBLE   | 106.5198 | 918.00     | OK     | [[0, 7, 9, 4, 2, 1, 21, 0], [0, 43, 31, 35, 19, 15...
C109.txt        | FEASIBLE   | 106.9600 | 900.00     | OK     | [[0, 10, 11, 8, 9, 2, 1, 0], [0, 20, 24, 13, 18, 1...

Done! Total time: 824.59s