Instance        | Status     | Time(s)  | Obj Val    | Valid  | Routes / Error
------------------------------------------------------------------------------------------------------------------------
C101.txt        | OPTIMAL    | 2.3750   | 178.00     | OK     | [[0, 5, 3, 7, 8, 10, 11, 9, 6, 4, 2, 1, 0], [0, 13, 14, 12, 0]]
C102.txt        | FEASIBLE   | 30.2420  | 174.00     | OK     | [[0, 13, 14, 12, 7, 0], [0, 8, 10, 11, 9, 6, 4, 2, 1, 3, 5, 0]]
C103.txt        | FEASIBLE   | 30.3604  | 168.00     | OK     | [[0, 13, 14, 12, 11, 9, 6, 4, 1, 2, 3, 5, 0], [0, 8, 10, 7, 0]]
C104.txt        | FEASIBLE   | 30.2701  | 164.00     | OK     | [[0, 13, 14, 12, 11, 10, 0], [0, 7, 8, 9, 6, 4, 1, 2, 3, 5, 0]]
C105.txt        | OPTIMAL    | 2.2962   | 178.00     | OK     | [[0, 13, 14, 12, 0], [0, 5, 3, 7, 8, 10, 11, 9, 6, 4, 2, 1, 0]]
C106.txt        | OPTIMAL    | 2.8241   | 178.00     | OK     | [[0, 5, 3, 7, 8, 10, 11, 9, 6, 4, 0], [0, 13, 14, 12, 2, 1, 0]]
C107.txt        | OPTIMAL    | 2.3784   | 178.00     | OK     | [[0, 13, 14, 12, 6, 4, 0], [0, 5, 3, 7, 8, 10, 11, 9, 2, 1, 0]]
C108.txt        | OPTIMAL    | 7.2115   | 172.00     | OK     | [[0, 8, 13, 14, 12, 9, 2, 1, 0], [0, 5, 3, 7, 10, 11, 6, 4, 0]]
C109.txt        | FEASIBLE   | 30.1644  | 162.00     | OK     | [[0, 5, 3, 2, 1, 4, 0], [0, 7, 8, 10, 13, 14, 12, 11, 9, 6, 0]]

Done! Total time: 138.14s