Instance        | Status     | Time(s)  | Obj Val    | Valid  | Routes / Error
------------------------------------------------------------------------------------------------------------------------
C101.txt        | OPTIMAL    | 0.0116   | 62.00      | OK     | [[0, 5, 3, 7, 8, 9, 6, 4, 2, 1, 0]]
C102.txt        | OPTIMAL    | 0.0243   | 58.00      | OK     | [[0, 7, 8, 9, 6, 4, 2, 1, 3, 5, 0]]
C103.txt        | OPTIMAL    | 0.0236   | 58.00      | OK     | [[0, 7, 8, 9, 6, 4, 1, 2, 3, 5, 0]]
C104.txt        | OPTIMAL    | 0.0275   | 58.00      | OK     | [[0, 7, 8, 9, 6, 4, 1, 2, 3, 5, 0]]
C105.txt        | OPTIMAL    | 0.0173   | 62.00      | OK     | [[0, 5, 3, 7, 8, 9, 6, 4, 2, 1, 0]]
C106.txt        | OPTIMAL    | 0.0096   | 62.00      | OK     | [[0, 5, 3, 7, 8, 9, 6, 4, 2, 1, 0]]
C107.txt        | OPTIMAL    | 0.0163   | 62.00      | OK     | [[0, 5, 3, 7, 8, 9, 6, 4, 2, 1, 0]]
C108.txt        | OPTIMAL    | 0.0147   | 62.00      | OK     | [[0, 5, 3, 7, 8, 9, 6, 4, 2, 1, 0]]
C109.txt        | OPTIMAL    | 0.0160   | 60.00      | OK     | [[0, 5, 3, 7, 8, 9, 6, 2, 1, 4, 0]]

Done! Total time: 0.17s