Instance        | Status     | Time(s)  | Obj Val    | Valid  | Routes / Error
------------------------------------------------------------------------------------------------------------------------
C101.txt        | OPTIMAL    | 0.9984   | 178.00     | OK     | [[0, 5, 3, 7, 8, 10, 11, 9, 6, 4, 2, 1, 0], [0, 13...
C102.txt        | OPTIMAL    | 12.8498  | 174.00     | OK     | [[0, 8, 10, 11, 9, 6, 4, 1, 2, 3, 5, 0], [0, 13, 1...
C103.txt        | OPTIMAL    | 10.9230  | 168.00     | OK     | [[0, 13, 14, 12, 11, 9, 6, 4, 2, 1, 3, 5, 0], [0, ...
C104.txt        | OPTIMAL    | 21.3630  | 164.00     | OK     | [[0, 8, 9, 6, 4, 1, 2, 3, 5, 0], [0, 13, 14, 12, 1...
C105.txt        | OPTIMAL    | 1.2131   | 178.00     | OK     | [[0, 13, 14, 12, 4, 2, 1, 0], [0, 5, 3, 7, 8, 10, ...
C106.txt        | OPTIMAL    | 1.1035   | 178.00     | OK     | [[0, 13, 14, 12, 2, 1, 0], [0, 5, 3, 7, 8, 10, 11,...
C107.txt        | OPTIMAL    | 1.4737   | 178.00     | OK     | [[0, 5, 3, 7, 8, 10, 11, 9, 4, 2, 1, 0], [0, 13, 1...
C108.txt        | OPTIMAL    | 2.4374   | 172.00     | OK     | [[0, 8, 13, 14, 12, 9, 4, 2, 1, 0], [0, 5, 3, 7, 1...
C109.txt        | OPTIMAL    | 24.7064  | 162.00     | OK     | [[0, 8, 10, 13, 14, 12, 11, 9, 6, 4, 2, 1, 0], [0,...

Done! Total time: 77.12s