Instance        | Status     | Time(s)  | Obj Val    | Valid  | Routes / Error
------------------------------------------------------------------------------------------------------------------------
C101.txt        | OPTIMAL    | 0.2437   | 432.00     | OK     | [[0, 5, 3, 7, 8, 10, 11, 9, 6, 4, 2, 1, 0], [0, 13, 17, 18, 19, 15, 16, 14, 12, 0], [0, 20, 24, 25, 27, 29, 30, 28, 26, 23, 22, 21, 0], [0, 32, 33, 31, 35, 37, 38, 39, 36, 34, 0], [0, 43, 42, 41, 40, 44, 46, 45, 48, 49, 47, 0]]
C102.txt        | OPTIMAL    | 1.3269   | 428.00     | OK     | [[0, 7, 8, 10, 11, 9, 6, 4, 2, 1, 3, 5, 0], [0, 13, 17, 18, 19, 15, 16, 14, 12, 0], [0, 20, 24, 25, 27, 29, 30, 28, 26, 23, 22, 21, 0], [0, 32, 33, 31, 35, 37, 38, 39, 36, 34, 0], [0, 43, 42, 41, 40, 44, 46, 45, 48, 49, 47, 0]]
C103.txt        | FEASIBLE   | 29.2098  | 428.00     | OK     | [[0, 7, 8, 10, 11, 9, 6, 4, 1, 2, 3, 5, 0], [0, 13, 17, 18, 19, 15, 16, 14, 12, 0], [0, 24, 25, 27, 29, 30, 28, 26, 23, 22, 21, 20, 0], [0, 32, 33, 31, 35, 37, 38, 39, 36, 34, 0], [0, 43, 42, 41, 40, 44, 45, 48, 46, 49, 47, 0]]
C104.txt        | FEASIBLE   | 30.1473  | 424.00     | OK     | [[0, 7, 8, 11, 9, 6, 4, 2, 1, 3, 5, 0], [0, 13, 17, 18, 19, 15, 16, 14, 12, 10, 0], [0, 20, 24, 25, 27, 29, 30, 28, 26, 23, 22, 21, 0], [0, 33, 32, 31, 35, 37, 38, 39, 36, 34, 0], [0, 43, 42, 41, 40, 44, 48, 45, 46, 49, 47, 0]]
C105.txt        | OPTIMAL    | 0.2469   | 432.00     | OK     | [[0, 5, 3, 7, 8, 10, 11, 9, 6, 4, 2, 1, 0], [0, 13, 17, 18, 19, 15, 16, 14, 12, 0], [0, 20, 24, 25, 27, 29, 30, 28, 26, 23, 22, 21, 0], [0, 32, 33, 31, 35, 37, 38, 39, 36, 34, 0], [0, 43, 42, 41, 40, 44, 46, 45, 48, 49, 47, 0]]
C106.txt        | OPTIMAL    | 0.2287   | 432.00     | OK     | [[0, 5, 3, 7, 8, 10, 11, 9, 6, 4, 2, 1, 0], [0, 13, 17, 18, 19, 15, 16, 14, 12, 0], [0, 20, 24, 25, 27, 29, 30, 28, 26, 23, 22, 21, 0], [0, 32, 33, 31, 35, 37, 38, 39, 36, 34, 0], [0, 43, 42, 41, 40, 44, 46, 45, 48, 49, 47, 0]]
C107.txt        | OPTIMAL    | 0.2880   | 432.00     | OK     | [[0, 5, 3, 7, 8, 10, 11, 9, 6, 4, 2, 1, 0], [0, 13, 17, 18, 19, 15, 16, 14, 12, 23, 0], [0, 20, 24, 25, 27, 29, 30, 28, 26, 22, 21, 0], [0, 33, 32, 31, 35, 37, 38, 39, 36, 34, 0], [0, 43, 42, 41, 40, 44, 46, 45, 48, 49, 47, 0]]
C108.txt        | OPTIMAL    | 1.7609   | 432.00     | OK     | [[0, 5, 3, 7, 8, 10, 11, 9, 6, 4, 2, 1, 0], [0, 13, 17, 18, 19, 15, 16, 14, 12, 0], [0, 20, 24, 25, 27, 29, 30, 28, 26, 23, 22, 21, 0], [0, 32, 33, 31, 35, 37, 38, 39, 36, 34, 0], [0, 43, 42, 41, 40, 44, 46, 45, 48, 49, 47, 0]]
C109.txt        | FEASIBLE   | 30.1126  | 432.00     | OK     | [[0, 5, 3, 7, 8, 10, 11, 9, 6, 4, 1, 2, 0], [0, 20, 13, 17, 18, 19, 15, 16, 14, 12, 0], [0, 24, 25, 27, 29, 30, 28, 26, 23, 22, 21, 0], [0, 33, 32, 31, 35, 37, 38, 39, 36, 34, 0], [0, 43, 42, 41, 40, 44, 46, 45, 48, 49, 47, 0]]

Done! Total time: 93.58s