Instance        | Status     | Time(s)  | Obj Val    | Valid  | Routes / Error
------------------------------------------------------------------------------------------------------------------------
C101.txt        | OPTIMAL    | 0.6666   | 178.00     | OK     | [[0, 13, 14, 12, 2, 1, 0], [0, 5, 3, 7, 8, 10, 11, 9, 6, 4, 0]]
C102.txt        | FEASIBLE   | 29.0860  | 174.00     | OK     | [[0, 8, 10, 11, 9, 6, 4, 5, 0], [0, 13, 14, 12, 2, 1, 3, 7, 0]]
C103.txt        | FEASIBLE   | 29.0731  | 172.00     | OK     | [[0, 13, 14, 12, 10, 11, 9, 6, 4, 5, 0], [0, 3, 1, 2, 8, 7, 0]]
C104.txt        | FEASIBLE   | 29.6533  | 174.00     | OK     | [[0, 13, 12, 14, 11, 10, 7, 0], [0, 1, 2, 6, 8, 9, 4, 3, 5, 0]]
C105.txt        | OPTIMAL    | 1.9349   | 178.00     | OK     | [[0, 5, 3, 7, 8, 10, 11, 9, 6, 4, 0], [0, 13, 14, 12, 2, 1, 0]]
C106.txt        | OPTIMAL    | 0.4884   | 178.00     | OK     | [[0, 13, 14, 12, 2, 1, 0], [0, 5, 3, 7, 8, 10, 11, 9, 6, 4, 0]]
C107.txt        | OPTIMAL    | 0.9527   | 178.00     | OK     | [[0, 5, 3, 7, 8, 10, 11, 9, 6, 0], [0, 13, 14, 12, 4, 2, 1, 0]]
C108.txt        | FEASIBLE   | 29.1799  | 172.00     | OK     | [[0, 5, 3, 7, 10, 11, 4, 1, 2, 0], [0, 8, 13, 14, 12, 9, 6, 0]]
C109.txt        | FEASIBLE   | 30.1005  | 162.00     | OK     | [[0, 5, 3, 4, 1, 2, 0], [0, 7, 8, 10, 13, 14, 12, 11, 9, 6, 0]]

Done! Total time: 151.37s