Instance        | Status     | Time(s)  | Obj Val    | Valid  | Routes / Error
------------------------------------------------------------------------------------------------------------------------
C101.txt        | OPTIMAL    | 0.2985   | 62.00      | OK     | [[0, 5, 3, 7, 8, 9, 6, 4, 2, 1, 0]]
C102.txt        | FEASIBLE   | 30.0877  | 60.00      | OK     | [[0, 7, 8, 9, 6, 4, 1, 2, 5, 3, 0]]
C103.txt        | FEASIBLE   | 30.0813  | 60.00      | OK     | [[0, 7, 8, 9, 6, 4, 1, 2, 5, 3, 0]]
C104.txt        | FEASIBLE   | 30.0823  | 58.00      | OK     | [[0, 7, 8, 9, 6, 4, 1, 2, 3, 5, 0]]
C105.txt        | OPTIMAL    | 0.4447   | 62.00      | OK     | [[0, 5, 3, 7, 8, 9, 6, 4, 2, 1, 0]]
C106.txt        | OPTIMAL    | 0.2932   | 62.00      | OK     | [[0, 5, 3, 7, 8, 9, 6, 4, 2, 1, 0]]
C107.txt        | OPTIMAL    | 0.5018   | 62.00      | OK     | [[0, 5, 3, 7, 8, 9, 6, 4, 2, 1, 0]]
C108.txt        | OPTIMAL    | 4.7640   | 62.00      | OK     | [[0, 5, 3, 7, 8, 9, 6, 4, 1, 2, 0]]
C109.txt        | OPTIMAL    | 11.6596  | 60.00      | OK     | [[0, 5, 3, 7, 8, 9, 6, 2, 1, 4, 0]]

Done! Total time: 108.38s