Instance        | Status     | Time(s)  | Obj Val    | Valid  | Routes / Error
------------------------------------------------------------------------------------------------------------------------
C101.txt        | OPTIMAL    | 1.2237   | 178.00     | OK     | [[0, 13, 14, 12, 0], [0, 5, 3, 7, 8, 10, 11, 9, 6,...
C102.txt        | FEASIBLE   | 30.1825  | 178.00     | OK     | [[0, 7, 3, 8, 10, 11, 9, 6, 4, 2, 1, 5, 0], [0, 13...
C103.txt        | FEASIBLE   | 30.1741  | 216.00     | OK     | [[0, 7, 2, 1, 4, 0], [0, 13, 12, 14, 10, 11, 9, 6,...
C104.txt        | FEASIBLE   | 30.1917  | 216.00     | OK     | [[0, 13, 9, 4, 1, 2, 5, 0], [0, 8, 11, 12, 14, 10,...
C105.txt        | OPTIMAL    | 5.3252   | 178.00     | OK     | [[0, 5, 3, 7, 8, 10, 11, 9, 6, 0], [0, 13, 14, 12,...
C106.txt        | OPTIMAL    | 1.3650   | 178.00     | OK     | [[0, 5, 3, 7, 8, 10, 11, 9, 6, 4, 2, 1, 0], [0, 13...
C107.txt        | OPTIMAL    | 1.7592   | 178.00     | OK     | [[0, 5, 3, 7, 8, 10, 11, 9, 6, 4, 0], [0, 13, 14, ...
C108.txt        | FEASIBLE   | 30.1950  | 172.00     | OK     | [[0, 5, 3, 7, 10, 11, 4, 2, 1, 0], [0, 8, 13, 14, ...
C109.txt        | FEASIBLE   | 30.1696  | 162.00     | OK     | [[0, 7, 8, 10, 13, 14, 12, 11, 9, 6, 0], [0, 5, 3,...

Done! Total time: 160.93s