Instance        | Status     | Time(s)  | Obj Val    | Valid  | Routes / Error
------------------------------------------------------------------------------------------------------------------------
C101.txt        | OPTIMAL    | 1.1324   | 178.00     | OK     | [[0, 13, 14, 12, 0], [0, 5, 3, 7, 8, 10, 11, 9, 6, 4, 2, 1, 0]]
C102.txt        | FEASIBLE   | 29.0778  | 178.00     | OK     | [[0, 7, 3, 8, 10, 11, 9, 6, 4, 2, 1, 5, 0], [0, 13, 14, 12, 0]]
C103.txt        | FEASIBLE   | 29.0895  | 214.00     | OK     | [[0, 3, 5, 0], [0, 13, 12, 14, 10, 11, 9, 6, 4, 7, 0], [0, 2, 1, 8, 0]]
C104.txt        | FEASIBLE   | 29.6428  | 216.00     | OK     | [[0, 13, 9, 4, 1, 2, 5, 0], [0, 8, 11, 12, 14, 10, 7, 6, 3, 0]]
C105.txt        | OPTIMAL    | 5.4068   | 178.00     | OK     | [[0, 5, 3, 7, 8, 10, 11, 9, 6, 0], [0, 13, 14, 12, 4, 2, 1, 0]]
C106.txt        | OPTIMAL    | 1.2726   | 178.00     | OK     | [[0, 5, 3, 7, 8, 10, 11, 9, 6, 4, 2, 1, 0], [0, 13, 14, 12, 0]]
C107.txt        | OPTIMAL    | 1.7234   | 178.00     | OK     | [[0, 5, 3, 7, 8, 10, 11, 9, 6, 4, 0], [0, 13, 14, 12, 2, 1, 0]]
C108.txt        | FEASIBLE   | 29.1094  | 172.00     | OK     | [[0, 5, 3, 7, 10, 11, 4, 2, 1, 0], [0, 8, 13, 14, 12, 9, 6, 0]]
C109.txt        | FEASIBLE   | 29.1825  | 162.00     | OK     | [[0, 7, 8, 10, 13, 14, 12, 11, 9, 6, 0], [0, 5, 3, 4, 1, 2, 0]]

Done! Total time: 156.01s