Instance        | Status     | Time(s)  | Obj Val    | Valid  | Routes / Error
------------------------------------------------------------------------------------------------------------------------
C101.txt        | OPTIMAL    | 0.2743   | 62.00      | OK     | [[0, 5, 3, 7, 8, 9, 6, 4, 2, 1, 0]]
C102.txt        | FEASIBLE   | 30.0639  | 62.00      | OK     | [[0, 7, 3, 8, 9, 6, 4, 1, 2, 5, 0]]
C103.txt        | FEASIBLE   | 30.0604  | 58.00      | OK     | [[0, 7, 8, 9, 6, 4, 2, 1, 3, 5, 0]]
C104.txt        | FEASIBLE   | 30.0497  | 58.00      | OK     | [[0, 7, 8, 9, 6, 4, 1, 2, 3, 5, 0]]
C105.txt        | OPTIMAL    | 0.1452   | 62.00      | OK     | [[0, 5, 3, 7, 8, 9, 6, 4, 2, 1, 0]]
C106.txt        | OPTIMAL    | 0.2394   | 62.00      | OK     | [[0, 5, 3, 7, 8, 9, 6, 4, 2, 1, 0]]
C107.txt        | OPTIMAL    | 0.1592   | 62.00      | OK     | [[0, 5, 3, 7, 8, 9, 6, 4, 2, 1, 0]]
C108.txt        | OPTIMAL    | 2.0543   | 62.00      | OK     | [[0, 5, 3, 7, 8, 9, 6, 4, 1, 2, 0]]
C109.txt        | OPTIMAL    | 3.4390   | 60.00      | OK     | [[0, 5, 3, 7, 8, 9, 6, 2, 1, 4, 0]]

Done! Total time: 96.60s