Instance        | Status     | Time(s)  | Obj Val    | Valid  | Routes / Error
------------------------------------------------------------------------------------------------------------------------
C101.txt        | OPTIMAL    | 0.7927   | 178.00     | OK     | [[0, 13, 14, 12, 2, 1, 0], [0, 5, 3, 7, 8, 10, 11,...
C102.txt        | FEASIBLE   | 30.1156  | 182.00     | OK     | [[0, 13, 12, 14, 4, 5, 0], [0, 7, 8, 10, 11, 9, 6,...
C103.txt        | FEASIBLE   | 30.1166  | 172.00     | OK     | [[0, 13, 14, 12, 10, 11, 9, 6, 4, 5, 0], [0, 3, 1,...
C104.txt        | FEASIBLE   | 30.1232  | 176.00     | OK     | [[0, 10, 8, 1, 2, 4, 3, 5, 7, 6, 0], [0, 13, 14, 1...
C105.txt        | OPTIMAL    | 2.1261   | 178.00     | OK     | [[0, 5, 3, 7, 8, 10, 11, 9, 6, 4, 0], [0, 13, 14, ...
C106.txt        | OPTIMAL    | 0.5565   | 178.00     | OK     | [[0, 13, 14, 12, 2, 1, 0], [0, 5, 3, 7, 8, 10, 11,...
C107.txt        | OPTIMAL    | 0.9757   | 178.00     | OK     | [[0, 5, 3, 7, 8, 10, 11, 9, 6, 0], [0, 13, 14, 12,...
C108.txt        | FEASIBLE   | 30.1213  | 172.00     | OK     | [[0, 5, 3, 7, 10, 11, 4, 1, 2, 0], [0, 8, 13, 14, ...
C109.txt        | FEASIBLE   | 30.1088  | 162.00     | OK     | [[0, 5, 3, 4, 1, 2, 0], [0, 7, 8, 10, 13, 14, 12, ...

Done! Total time: 155.31s